zt = [
    0,
    2200.0,
    2200.0,
    86,
    78,
    89,
    100.0,
    150.0,
    150.0,
    95,
    90,
    95,
    140.0,
    100.0,
    78,
    99,
    110.0,
    110.0,
    170.0,
    150.0,
    150.0,
    130.0,
    90,
    110.0,
    120.0,
    120.0,
    130.0,
    110.0,
    100.0,
    260.0,
    260.0,
    180.0,
    150.0,
    150.0,
    420.0,
    510.0,
    420.0,
    220.0,
    140.0,
    320.0,
    560.0,
    720.0,
    1200.0,
    1200.0,
    990.0,
    570.0,
    200.0,
    160.0,
    160.0,
    180.0,
    180.0,
    170.0,
    340.0,
    350.0,
    180.0,
    170.0,
    210.0,
    210.0,
    170.0,
    150.0,
    140.0,
    140.0,
    630.0,
    950.0,
    960.0,
    390.0,
    200.0,
    410.0,
    410.0,
    2000.0,
    2800.0,
    2700.0
]
it = [
    0,
    79,
    79,
    96,
    91,
    84,
    88,
    92,
    86,
    97,
    100.0,
    100.0,
    92,
    94,
    95,
    120.0,
    150.0,
    180.0,
    110.0,
    110.0,
    110.0,
    110.0,
    120.0,
    140.0,
    180.0,
    130.0,
    120.0,
    120.0,
    120.0,
    110.0,
    120.0,
    150.0,
    160.0,
    130.0,
    130.0,
    150.0,
    140.0,
    130.0,
    300.0,
    380.0,
    280.0,
    160.0,
    140.0,
    160.0,
    210.0,
    200.0,
    170.0,
    190.0,
    220.0,
    220.0,
    160.0,
    170.0,
    190.0,
    170.0,
    150.0,
    150.0,
    140.0,
    160.0,
    150.0,
    130.0,
    170.0,
    170.0,
    150.0,
    150.0,
    160.0,
    160.0,
    300.0,
    280.0,
    140.0,
    270.0,
    270.0,
    290.0,
]
ipt = [
    0,
    76,
    76,
    77,
    81,
    86,
    81,
    82,
    82,
    80,
    85,
    94,
    93,
    91,
    90,
    90,
    110.0,
    110.0,
    110.0,
    100.0,
    92,
    99,
    120.0,
    150.0,
    250.0,
    250.0,
    140.0,
    120.0,
    140.0,
    120.0,
    130.0,
    160.0,
    130.0,
    120.0,
    170.0,
    170.0,
    110.0,
    130.0,
    170.0,
    210.0,
    220.0,
    1600.0,
    1600.0,
    940.0,
    1300.0,
    1300.0,
    360.0,
    290.0,
    220.0,
    160.0,
    150.0,
    160.0,
    160.0,
    150.0,
    170.0,
    370.0,
    370.0,
    260.0,
    240.0,
    190.0,
    200.0,
    170.0,
    130.0,
    150.0,
    160.0,
    160.0,
    150.0,
    140.0,
    150.0,
    230.0,
    200.0,
    200.0
]
kt = [
    0,
    1300.0,
    2100.0,
    1100.0,
    200.0,
    100.0,
    120.0,
    130.0,
    130.0,
    170.0,
    170.0,
    130.0,
    120.0,
    130.0,
    170.0,
    140.0,
    130.0,
    150.0,
    190.0,
    150.0,
    160.0,
    170.0,
    150.0,
    170.0,
    190.0,
    220.0,
    200.0,
    200.0,
    180.0,
    170.0,
    150.0,
    340.0,
    340.0,
    180.0,
    190.0,
    190.0,
    890.0,
    860.0,
    200.0,
    350.0,
    350.0,
    180.0,
    150.0,
    300.0,
    510.0,
    2100.0,
    2100.0,
    1300.0,
    2000.0,
    2200.0,
    2200.0,
    2200.0,
    1800.0,
    280.0,
    260.0,
    210.0,
    180.0,
    200.0,
    170.0,
    160.0,
    210.0,
    200.0,
    170.0,
    210.0,
    330.0,
    330.0,
    1200.0,
    1900.0,
    3700.0,
    3600.0,
    2200.0,
    760.0
]
kpt = [0,
       92,
       92,
       110.0,
       110.0,
       110.0,
       110.0,
       97,
       110.0,
       170.0,
       170.0,
       100.0,
       110.0,
       110.0,
       270.0,
       250.0,
       160.0,
       220.0,
       260.0,
       450.0,
       480.0,
       420.0,
       360.0,
       180.0,
       180.0,
       150.0,
       230.0,
       210.0,
       170.0,
       220.0,
       240.0,
       230.0,
       280.0,
       330.0,
       270.0,
       1300.0,
       1900.0,
       2300.0,
       2200.0,
       1100.0,
       530.0,
       300.0,
       330.0,
       380.0,
       300.0,
       370.0,
       370.0,
       180.0,
       700.0,
       700.0,
       520.0,
       480.0,
       270.0,
       390.0,
       390.0,
       440.0,
       430.0,
       360.0,
       480.0,
       310.0,
       270.0,
       240.0,
       310.0,
       320.0,
       260.0,
       220.0,
       220.0,
       320.0,
       370.0,
       310.0,
       240.0,
       230.0]
